  -4.50000000000000        114.215443816301      -4.703143178844016E-003
  0.223866454318640       0.266666666666667     
  -3.50000000000000        114.216486835539      -3.660123941273241E-003
  0.223996422376438       0.266666666666667     
  -2.50000000000000        114.217530377551      -2.616581929586914E-003
  0.224185574226699       0.266666666666667     
  -1.50000000000000        114.218574443013      -1.572516467589935E-003
  0.224552180895048       0.266666666666667     
 -0.500000000000000        114.219619032603      -5.279268775950641E-004
  0.226160680972910       0.266666666666667     
  0.500000000000000        114.220664147000       5.171875196623432E-004
  0.221560004996077       0.266666666666667     
   1.50000000000000        114.221709786886       1.562827405294342E-003
  0.223168602335367       0.266666666666667     
   2.50000000000000        114.222755952942       2.608993461862497E-003
  0.223535403492481       0.266666666666667     
   3.50000000000000        114.223802645854       3.655686373676303E-003
  0.223724847074149       0.266666666666667     
   4.50000000000000        114.224849866307       4.702906826636877E-003
  0.223855204112433       0.266666666666667     
  -5.50000000000000        174.957831400000      -4.668600000002243E-003
  0.181818181818269       0.181818181818182     
  -4.50000000000000        174.958735697088      -3.764302912429685E-003
  0.179178288634217       0.181818181818182     
  -3.50000000000000        174.959627582120      -2.872417880183775E-003
  0.175789492119618       0.181818181818182     
  -2.50000000000000        174.960507552576      -1.992447423901922E-003
  0.170710484847871       0.181818181818182     
  -1.50000000000000        174.961376073566      -1.123926433933775E-003
  0.160494428584411       0.181818181818182     
 -0.500000000000000        174.962233580703      -2.664192966506107E-004
  0.114132415135420       0.181818181818182     
  0.500000000000000        174.963080482661       5.804826606379265E-004
  0.248675260522609       0.181818181818182     
   1.50000000000000        174.963917163445       1.417163445267988E-003
  0.202368082546943       0.181818181818182     
   2.50000000000000        174.964743984435       2.243984435040147E-003
  0.192261871656612       0.181818181818182     
   3.50000000000000        174.965561286202       3.061286201813118E-003
  0.187348070196212       0.181818181818182     
   4.50000000000000        174.966369390151       3.869390151351126E-003
  0.184180370577481       0.181818181818182     
   5.50000000000000        174.967168600000       4.668599999973821E-003
  0.181818181817162       0.181818181818182     
