  -10.5000000000000        662.924159620247      -0.195623091021616     
  9.976636771991214E-002  0.103896103896104     
  -9.50000000000000        662.939339337088      -0.180443374180300     
  0.101711644751103       0.103896103896104     
  -8.50000000000000        662.954749359090      -0.165033352177943     
  0.103969543822145       0.103896103896104     
  -7.50000000000000        662.970400635855      -0.149382075413655     
  0.106657295844332       0.103896103896104     
  -6.50000000000000        662.986305031951      -0.133477679316684     
  0.109963520044457       0.103896103896104     
  -5.50000000000000        663.002475438226      -0.117307273042115     
  0.114213014065065       0.103896103896104     
  -4.50000000000000        663.018925901160      -0.100856810108326     
  0.120017909376027       0.103896103896104     
  -3.50000000000000        663.035671774020      -8.411093724862440E-002
  0.128687916917008       0.103896103896104     
  -2.50000000000000        663.052729894442      -6.705281682604891E-002
  0.143625105654905       0.103896103896104     
  -1.50000000000000        663.070118794353      -4.966391691561967E-002
  0.177297679945521       0.103896103896104     
 -0.500000000000000        663.087858949708      -3.192376156027876E-002
  0.341898658701525       0.103896103896104     
  0.500000000000000        663.105973079727      -1.380963154133497E-002
 -0.147899065472893       0.103896103896104     
   1.50000000000000        663.124486508141       4.703796872945532E-003
  1.679231772888922E-002  0.103896103896104     
   2.50000000000000        663.143427602962       2.364489169349326E-002
  5.064664287686515E-002  0.103896103896104     
   3.50000000000000        663.162828316684       4.304560541550018E-002
  6.585884635880469E-002  0.103896103896104     
   4.50000000000000        663.182724856499       6.294214523040864E-002
  7.490009523484156E-002  0.103896103896104     
   5.50000000000000        663.203158524943       8.337581367504754E-002
  8.117657782851735E-002  0.103896103896104     
   6.50000000000000        663.224176787187       0.104394075919231     
  8.600344356175876E-002  0.103896103896104     
   7.50000000000000        663.245834644467       0.126051933198823     
  8.999980950664972E-002  0.103896103896104     
   8.50000000000000        663.268196428420       0.148413717152152     
  9.349932159543513E-002  0.103896103896104     
   9.50000000000000        663.291338185674       0.171555474405977     
  9.670174672333716E-002  0.103896103896104     
   10.5000000000000        663.315350909007       0.195568197738567     
  9.973837254084869E-002  0.103896103896104     
  -10.5000000000000        641.238256000000      -0.186743999999976     
  9.523809523808302E-002  9.523809523809523E-002
  -9.50000000000000        641.381773769722      -4.322623027849204E-002
  2.436559944629633E-002  9.523809523809523E-002
  -8.50000000000000        641.405180624319      -1.981937568166359E-002
  1.248603037669914E-002  9.523809523809523E-002
  -7.50000000000000        641.424461070824      -5.389291758319814E-004
  3.847899983092586E-004  9.523809523809523E-002
  -6.50000000000000        641.441242318566       1.624231856590086E-002
 -1.338098274058510E-002  9.523809523809523E-002
  -5.50000000000000        641.456300250803       3.130025080258747E-002
 -3.047463207053261E-002  9.523809523809523E-002
  -4.50000000000000        641.470076923741       4.507692374090766E-002
 -5.364078184384048E-002  9.523809523809523E-002
  -3.50000000000000        641.482852575435       5.785257543459466E-002
 -8.851319060867843E-002  9.523809523809523E-002
  -2.50000000000000        641.494818107954       6.981810795332422E-002
 -0.149548275614369       9.523809523809523E-002
  -1.50000000000000        641.506110504887       8.111050488730598E-002
 -0.289560413854639       9.523809523809523E-002
 -0.500000000000000        641.516832011906       9.183201190580803E-002
 -0.983506960392923       9.523809523809523E-002
  0.500000000000000        641.527061345708       0.102061345707853     
   1.09306157850161       9.523809523809523E-002
   1.50000000000000        641.536860641552       0.111860641552312     
  0.399336851705407       9.523809523809523E-002
   2.50000000000000        641.546279966610       0.121279966609791     
  0.259778020412524       9.523809523809523E-002
   3.50000000000000        641.555360366836       0.130360366835816     
  0.199448545045343       9.523809523809523E-002
   4.50000000000000        641.564135990828       0.139135990827867     
  0.165569491243946       9.523809523809523E-002
   5.50000000000000        641.572635611024       0.147635611023588     
  0.143741369832097       9.523809523809523E-002
   6.50000000000000        641.580883738937       0.155883738937064     
  0.128422405446093       9.523809523809523E-002
   7.50000000000000        641.588901459485       0.163901459484805     
  0.117023989693416       9.523809523809523E-002
   8.50000000000000        641.596707066325       0.171707066324643     
  0.108173924368713       9.523809523809523E-002
   9.50000000000000        641.604316553312       0.179316553311764     
  0.101076482587908       9.523809523809523E-002
   10.5000000000000        641.611744000000       0.186743999999976     
  9.523809523808302E-002  9.523809523809523E-002
